839
5271
3189
5791
6470
6954
6773
9930
8550
1176
667
297
321
4204
6175
2311
5293
3537
3284
8135
7391
1906
8934
5002
6681
9491
1626
6556
5207
8741
7030
9546
4809
7789
2334
206
160
5663
4994
7002
7616
1795
4168
3165
9331
9230
1539
1615
7535
2594
5931
395
5874
1198
6198
2320
2533
9602
8583
7872
3984
5056
5600
7756
4166
4914
5730
6341
7091
3537
5432
5638
125
5369
4586
4917
8264
3478
1969
1134
4627
2962
432
9550
6088
8081
2420
7152
110
7320
5782
3587
6571
7243
3
5149
1739
8944
6258
5780
713
8956
7392
2720
2663
9027
4943
9285
1740
3866
8213
1008
264
729
6487
900
6176
759
4791
3403
5695
2548
7217
9012
4379
8467
9162
5192
2577
2636
4238
3351
4627
9684
6660
1957
9192
382
6429
9175
5085
3211
3367
1751
9924
6661
9008
2318
6941
1446
6209
3207
8323
120
5788
6802
3739
4079
8968
3038
6876
5042
659
1914
9406
3968
8195
7635
9122
989
2358
6168
1887
4315
6047
7940
3242
7550
8783
884
8186
8256
6762
8601
